6003 6001 7
6001 6002 15
6003 6001 9
6003 6002 1
6002 6003 16
6001 6003 18
6002 6003 7
6003 6002 17
6003 6001 14
6002 6003 3
6003 6001 14
6002 6003 4
6003 6002 10
6002 6003 15
6003 6001 1
6003 6001 18
6001 6003 18
6001 6003 10
6002 6001 5
6001 6003 10
6003 6002 3
6001 6003 13
6003 6002 19
6002 6001 14
6001 6002 6
6002 6003 14
6002 6001 4
6003 6002 4
6002 6001 1
6002 6001 12
6001 6003 18
6003 6001 11
6002 6003 16
6003 6001 18
6002 6003 18
6002 6001 8
6001 6003 11
6002 6001 6
6003 6002 12
6003 6001 14
6001 6002 18
6002 6001 14
6001 6003 15
6003 6002 11
6003 6002 11
6001 6002 4
6002 6001 7
6001 6003 14
6001 6002 11
6002 6003 13
6001 6003 2
6001 6002 19
6003 6002 7
6001 6003 17
6002 6001 7
6001 6002 16
6003 6002 2
6003 6001 5
6003 6002 1
6002 6001 15
6003 6001 7
6003 6002 10
6003 6001 15
6003 6002 6
6002 6003 7
6002 6001 7
6002 6001 2
6002 6003 6
6001 6002 19
6001 6003 6
6001 6003 18
6002 6003 7
6001 6003 12
6002 6003 8
6001 6002 4
6002 6003 12
6001 6003 10
6002 6003 7
6003 6002 20
6003 6002 17
6001 6002 5
6002 6003 3
6003 6002 20
6003 6002 11
6001 6002 7
6001 6003 16
6002 6001 5
6003 6001 9
6002 6001 12
6001 6002 1
6001 6003 1
6002 6003 1
6003 6002 14
6002 6001 8
6002 6003 9
6002 6003 12
6003 6002 9
6002 6001 12
6001 6003 4
6001 6002 14
